-46.708560,-23.572340,0.000000 -46.709610,-23.571950,0.000000 -46.709610,-23.571950,0.000000 -46.708050,-23.567780,0.000000 -46.708050,-23.567780,0.000000 -46.707790,-23.567780,0.000000 -46.707620,-23.567680,0.000000 -46.707560,-23.567360,0.000000 -46.707670,-23.567200,0.000000 -46.707910,-23.567100,0.000000 -46.708080,-23.567140,0.000000 -46.708190,-23.567250,0.000000 -46.709980,-23.566350,0.000000 
-46.709980,-23.566350,0.000000 -46.712680,-23.564990,0.000000 -46.712680,-23.564990,0.000000 -46.712750,-23.564630,0.000000 -46.712870,-23.564530,0.000000 -46.713220,-23.564470,0.000000 -46.713430,-23.564540,0.000000 -46.713430,-23.564540,0.000000 -46.714000,-23.564340,0.000000 -46.714480,-23.564110,0.000000 -46.718290,-23.562180,0.000000 -46.718290,-23.562180,0.000000 -46.718340,-23.561930,0.000000 -46.718500,-23.561770,0.000000 -46.718840,-23.561710,0.000000 -46.718960,-23.561730,0.000000 -46.719110,-23.561830,0.000000 -46.719110,-23.561830,0.000000 -46.719780,-23.561290,0.000000 -46.719780,-23.561290,0.000000 -46.719750,-23.561000,0.000000 -46.719820,-23.560750,0.000000 -46.720000,-23.560600,0.000000 -46.720250,-23.560480,0.000000 -46.720670,-23.560530,0.000000 
-46.720670,-23.560530,0.000000 -46.720940,-23.560730,0.000000 -46.721180,-23.561170,0.000000 -46.721310,-23.561520,0.000000 -46.721280,-23.561710,0.000000 -46.720920,-23.562010,0.000000 -46.720410,-23.562010,0.000000 -46.720190,-23.561950,0.000000 -46.720070,-23.561800,0.000000 -46.720070,-23.561800,0.000000 -46.719210,-23.562030,0.000000 -46.719210,-23.562030,0.000000 -46.719230,-23.562210,0.000000 -46.719230,-23.562210,0.000000 -46.719400,-23.562310,0.000000 
-46.719400,-23.562310,0.000000 -46.720800,-23.563100,0.000000 -46.720800,-23.563100,0.000000 -46.721110,-23.562990,0.000000 -46.721230,-23.562990,0.000000 -46.721470,-23.563100,0.000000 -46.721470,-23.563100,0.000000 -46.722620,-23.562600,0.000000 -46.725470,-23.561110,0.000000 -46.726350,-23.560600,0.000000 -46.733900,-23.557010,0.000000 -46.733900,-23.557010,0.000000 -46.733920,-23.556760,0.000000 -46.734090,-23.556630,0.000000 -46.734210,-23.556620,0.000000 -46.734660,-23.556860,0.000000 -46.734750,-23.557030,0.000000 -46.734710,-23.557200,0.000000 -46.738170,-23.559140,0.000000 -46.738350,-23.559050,0.000000 -46.738620,-23.559130,0.000000 -46.738670,-23.559330,0.000000 -46.739020,-23.559560,0.000000 -46.742380,-23.559610,0.000000 -46.742570,-23.559660,0.000000 -46.742960,-23.559960,0.000000 
-46.742960,-23.559960,0.000000 -46.743110,-23.560060,0.000000 -46.743110,-23.560060,0.000000 -46.743180,-23.560100,0.000000 -46.743190,-23.560220,0.000000 -46.742240,-23.561470,0.000000 -46.741620,-23.562490,0.000000 -46.741550,-23.562740,0.000000 -46.741540,-23.563030,0.000000 -46.741610,-23.563180,0.000000 -46.741610,-23.563180,0.000000 -46.741660,-23.563350,0.000000 -46.741410,-23.563520,0.000000 -46.739520,-23.564590,0.000000 -46.738640,-23.566020,0.000000 
-46.738640,-23.566020,0.000000 -46.738040,-23.566690,0.000000 -46.737710,-23.566950,0.000000 -46.735550,-23.568250,0.000000 -46.735550,-23.568250,0.000000 -46.735500,-23.568430,0.000000 -46.735560,-23.568530,0.000000 -46.736030,-23.568890,0.000000 -46.736400,-23.569090,0.000000 -46.737080,-23.569220,0.000000 -46.737420,-23.569190,0.000000 -46.737890,-23.569050,0.000000 -46.739130,-23.568460,0.000000 -46.739920,-23.568140,0.000000 -46.739920,-23.568140,0.000000 -46.740000,-23.568040,0.000000 -46.740130,-23.568000,0.000000 -46.740310,-23.567570,0.000000 -46.740140,-23.567210,0.000000 -46.740140,-23.567210,0.000000 -46.741500,-23.565570,0.000000 
-46.741500,-23.565570,0.000000 -46.741650,-23.565380,0.000000 -46.741650,-23.565380,0.000000 -46.742550,-23.566120,0.000000 -46.742550,-23.566120,0.000000 -46.742120,-23.566670,0.000000 
-46.742120,-23.566670,0.000000 -46.741740,-23.567160,0.000000 -46.740370,-23.568120,0.000000 -46.740370,-23.568120,0.000000 -46.740350,-23.568340,0.000000 -46.740220,-23.568420,0.000000 -46.740110,-23.568440,0.000000 -46.739700,-23.568330,0.000000 -46.739160,-23.568510,0.000000 -46.737900,-23.569110,0.000000 -46.737270,-23.569280,0.000000 -46.736900,-23.569260,0.000000 -46.736440,-23.569160,0.000000 -46.736020,-23.568960,0.000000 -46.735520,-23.568590,0.000000 -46.735370,-23.568560,0.000000 -46.734890,-23.568590,0.000000 -46.734890,-23.568590,0.000000 -46.734410,-23.568910,0.000000 -46.733820,-23.569070,0.000000 -46.733460,-23.569070,0.000000 -46.732940,-23.568860,0.000000 -46.732070,-23.568370,0.000000 -46.731630,-23.568270,0.000000 -46.730590,-23.568300,0.000000 -46.729900,-23.568240,0.000000 -46.729630,-23.568300,0.000000 -46.729500,-23.568270,0.000000 -46.729390,-23.568160,0.000000 -46.729310,-23.567980,0.000000 -46.729310,-23.567980,0.000000 -46.729380,-23.567670,0.000000 -46.729590,-23.567520,0.000000 -46.729860,-23.567500,0.000000 -46.730110,-23.567680,0.000000 -46.730110,-23.567680,0.000000 -46.730450,-23.566890,0.000000 -46.730380,-23.566510,0.000000 -46.730090,-23.565570,0.000000 
-46.730090,-23.565570,0.000000 -46.729880,-23.565260,0.000000 -46.729620,-23.565050,0.000000 -46.729080,-23.564870,0.000000 -46.729000,-23.564670,0.000000 -46.728920,-23.564270,0.000000 -46.729120,-23.563540,0.000000 -46.729100,-23.562710,0.000000 -46.729270,-23.562120,0.000000 -46.730440,-23.560930,0.000000 -46.730830,-23.560610,0.000000 -46.731400,-23.560390,0.000000 -46.731400,-23.560390,0.000000 -46.731330,-23.560170,0.000000 -46.731410,-23.560020,0.000000 -46.732760,-23.559750,0.000000 -46.732760,-23.559750,0.000000 -46.735690,-23.559480,0.000000 -46.735910,-23.559370,0.000000 -46.737430,-23.559350,0.000000 
-46.737430,-23.559350,0.000000 -46.738150,-23.559350,0.000000 -46.738150,-23.559350,0.000000 -46.738120,-23.559250,0.000000 -46.738170,-23.559140,0.000000 -46.736670,-23.558280,0.000000 
-46.736670,-23.558280,0.000000 -46.734710,-23.557200,0.000000 -46.734660,-23.557270,0.000000 -46.734390,-23.557300,0.000000 -46.734080,-23.557170,0.000000 -46.733900,-23.557010,0.000000 -46.733920,-23.556760,0.000000 -46.734090,-23.556630,0.000000 -46.734210,-23.556620,0.000000 -46.733360,-23.555290,0.000000 -46.731470,-23.551910,0.000000 
-46.731470,-23.551910,0.000000 -46.731250,-23.551490,0.000000 -46.731250,-23.551490,0.000000 -46.728760,-23.552690,0.000000 -46.725430,-23.554400,0.000000 -46.725430,-23.554400,0.000000 -46.725670,-23.554980,0.000000 -46.727710,-23.558560,0.000000 
-46.727710,-23.558560,0.000000 -46.727900,-23.558920,0.000000 -46.727900,-23.558920,0.000000 -46.727670,-23.559070,0.000000 -46.725230,-23.554690,0.000000 -46.724980,-23.554620,0.000000 -46.724980,-23.554620,0.000000 -46.723240,-23.555660,0.000000 
-46.723240,-23.555660,0.000000 -46.719370,-23.557580,0.000000 -46.717940,-23.558050,0.000000 -46.714440,-23.559720,0.000000 -46.713730,-23.560180,0.000000 -46.713430,-23.560540,0.000000 -46.713220,-23.561000,0.000000 -46.713070,-23.561790,0.000000 -46.712980,-23.564300,0.000000 -46.713010,-23.564480,0.000000 -46.713010,-23.564480,0.000000 -46.713220,-23.564470,0.000000 -46.713430,-23.564540,0.000000 -46.713430,-23.564540,0.000000 -46.713560,-23.564800,0.000000 -46.713470,-23.565140,0.000000 -46.713280,-23.565280,0.000000 -46.713130,-23.565320,0.000000 -46.712830,-23.565240,0.000000 -46.712830,-23.565240,0.000000 -46.712670,-23.565260,0.000000 -46.711840,-23.565590,0.000000 -46.711840,-23.565590,0.000000 -46.711780,-23.566500,0.000000 
-46.711780,-23.566500,0.000000 -46.711640,-23.570260,0.000000 -46.711640,-23.570260,0.000000 -46.710090,-23.570770,0.000000 
-46.710090,-23.570770,0.000000 -46.707770,-23.571500,0.000000 -46.707770,-23.571500,0.000000 -46.707950,-23.571980,0.000000 